1961 3 23
1962 4 1
1963 11 7
1965 8 2
1966 3 22
1966 10 19
1967 11 8
1968 1 18
1968 1 20
1968 2 10
1968 2 19
1968 2 21
1968 2 28
1968 3 15
1968 11 8
1968 11 9
1968 12 9
1968 12 20
1969 3 21
1969 4 20
1969 6 2
1969 12 5
1970 1 14
1970 1 16
1970 2 3
1970 2 18
1970 2 26
1970 3 6
1970 4 20
1970 5 9
1971 9 26
1971 9 27
1971 12 6
1971 12 29
1972 2 29
1972 5 14
1972 10 4
1972 11 21
1972 11 23
1972 11 26
1973 2 13
1973 10 22
1973 11 16
1973 12 21
1974 1 22
1974 5 31
1974 10 22
1974 10 30
1976 1 10
1976 2 22
1976 3 17
1976 3 29
1977 3 24
1977 11 21
1981 1 5
1981 1 6
1981 1 7
1981 1 8
1981 1 9
1981 1 10
1981 1 11
1981 1 12
1981 3 14
1981 9 1
1981 12 30
1990 1 27
1990 10 11
1990 10 27
1992 1 1
1992 3 26
1992 10 8
1992 11 19
1992 12 29
