1970 4 11
1973 12 1
1973 12 24
1975 8 26
1980 11 28
1992 1 1
1993 8 22
1993 12 9
1994 1 30
1994 3 19
1994 4 21
1995 3 22
1995 7 20
1995 7 21
1996 4 12
1996 5 14
1996 5 18
1996 6 23
1996 7 4
1996 7 8
1996 8 28
1996 8 29
1996 9 1
1996 9 4
1996 9 9
1996 9 10
1996 9 29
1996 11 25
1996 12 8
1996 12 29
1997 5 13
1997 5 14
1997 7 3
1997 7 4
1997 7 13
1997 7 16
1997 8 5
1997 8 6
1997 9 22
1997 11 14
1997 11 15
1997 11 17
1997 11 18
1997 11 24
1997 11 25
1997 11 27
1997 12 1
1997 12 6
1997 12 7
1997 12 8
1997 12 12
1997 12 15
1998 2 13
1998 6 25
1999 4 28
1999 7 25
1999 7 26
1999 12 12
2000 3 9
2000 4 3
2000 4 6
2000 6 19
2000 8 8
2000 8 28
2000 9 7
2000 10 1
2000 10 5
2004 4 19
