1967 8 17
1967 9 24
1967 11 16
1968 5 15
1969 6 26
1976 1 18
1976 4 20
1976 6 6
1977 2 18
1978 4 5
1979 6 24
1979 6 25
1981 7 21
1981 7 22
1981 7 29
1981 8 17
1981 8 19
1990 2 13
1990 3 4
1990 4 1
1990 4 2
1990 4 3
1990 4 22
1990 4 23
1990 5 2
1990 5 10
1990 5 13
1990 6 3
1990 6 4
1990 6 9
1990 6 26
1990 7 16
1990 7 19
1990 7 20
1990 7 27
1990 8 4
1990 8 12
1990 8 26
1990 8 28
1990 8 29
1990 8 31
1990 10 8
1991 2 12
1991 5 7
1991 5 9
1991 6 10
1991 6 16
1991 6 23
1991 7 18
1991 7 19
1991 7 20
1991 7 24
1991 9 29
1992 1 1
1992 1 7
1992 2 27
1992 5 28
1992 6 6
1992 6 14
1992 10 14
1992 10 15
1993 6 15
1993 6 16
1993 8 26
1993 9 4
1993 9 21
1994 6 7
1994 6 8
1994 8 21
1994 8 22
1994 8 23
1995 1 27
1995 1 28
1995 1 29
1995 3 11
1995 3 12
1995 6 1
1995 6 3
1995 6 4
1995 6 6
1995 6 7
1995 6 8
1995 6 9
1995 6 10
1995 6 11
1995 6 12
1995 6 13
1995 6 14
1995 6 15
1995 6 18
1995 6 27
1995 6 28
1995 7 24
1995 7 25
1995 7 26
1995 8 13
1995 9 29
1995 10 6
1995 10 13
1995 10 14
1995 10 15
1995 10 16
1995 10 25
1995 10 28
1995 10 29
1995 11 4
1995 12 7
1996 3 26
1996 5 27
1996 7 1
1996 7 3
1996 7 4
1996 7 5
1996 7 15
1996 7 25
1996 7 26
1996 7 27
1996 7 28
1996 7 29
1996 7 31
1996 8 11
1996 8 12
1996 8 13
1996 8 14
1996 8 15
1996 9 20
1996 10 3
1996 10 4
1997 4 5
1997 4 6
1997 4 16
1997 4 19
1997 5 7
1997 5 8
1997 5 25
1997 5 26
1997 6 1
1997 6 2
1997 6 5
1997 6 21
1997 6 22
1997 6 23
1997 7 9
1997 7 10
1997 7 29
1997 7 31
1997 8 2
1997 8 9
1997 8 10
1997 8 20
1997 9 16
1997 10 9
1997 10 13
1997 11 4
