1967 4 30
1967 5 1
1967 5 2
1967 7 1
1967 7 2
1967 7 3
1967 7 4
1967 7 5
1967 7 6
1967 7 7
1967 7 8
1967 7 9
1967 7 10
1967 7 11
1967 7 12
1967 7 13
1967 7 14
1967 7 15
1967 7 16
1967 7 17
1967 7 18
1967 7 19
1967 7 20
1967 7 21
1967 7 22
1967 7 23
1967 7 24
1967 7 25
1967 7 26
1967 7 27
1967 7 28
1967 7 29
1967 7 30
1967 7 31
1967 8 1
1967 8 2
1967 8 3
1967 8 4
1967 8 5
1967 8 6
1967 8 7
1967 8 8
1967 8 9
1967 8 10
1967 8 11
1967 8 12
1967 8 13
1967 8 14
1967 8 15
1967 8 16
1967 8 17
1967 8 18
1967 8 19
1967 8 20
1967 8 21
1967 8 22
1967 8 23
1967 8 24
1967 8 25
1967 8 26
1967 8 27
1967 8 28
1967 8 29
1967 8 30
1967 8 31
1967 9 1
1967 9 2
1967 9 3
1967 9 4
1967 9 5
1967 9 6
1967 9 7
1967 9 8
1967 9 9
1967 9 10
1967 9 11
1967 9 12
1967 9 13
1967 9 14
1967 9 15
1967 9 16
1967 9 17
1967 9 18
1967 9 19
1967 9 20
1967 9 21
1967 9 22
1967 9 23
1967 9 24
1967 9 25
1967 9 26
1967 9 27
1967 9 28
1967 9 29
1967 9 30
1967 10 1
1967 10 2
1967 10 3
1967 10 4
1967 10 5
1967 10 6
1967 10 7
1967 10 8
1967 10 9
1967 10 10
1967 10 11
1967 10 12
1967 10 13
1967 10 14
1967 10 15
1967 10 16
1967 10 17
1967 10 18
1967 10 19
1967 10 20
1967 10 21
1967 10 22
1967 10 23
1967 10 24
1967 10 25
1967 10 26
1967 10 27
1967 10 28
1967 10 29
1967 10 30
1967 10 31
1967 11 1
1967 11 2
1967 11 3
1967 11 4
1967 11 5
1967 11 6
1967 11 7
1967 11 8
1967 11 9
1967 11 10
1967 11 11
1967 11 12
1967 11 13
1967 11 14
1967 11 15
1967 11 16
1967 11 17
1967 11 18
1967 11 19
1967 11 20
1967 11 21
1967 11 22
1967 11 23
1967 11 24
1967 11 25
1967 11 26
1967 11 27
1967 11 28
1967 11 29
1967 11 30
1967 12 1
1967 12 2
1967 12 3
1967 12 4
1967 12 5
1967 12 6
1967 12 7
1967 12 8
1967 12 9
1967 12 10
1967 12 11
1967 12 12
1967 12 13
1967 12 14
1967 12 15
1967 12 16
1967 12 17
1967 12 18
1967 12 19
1967 12 20
1967 12 21
1967 12 22
1967 12 23
1967 12 24
1967 12 25
1967 12 26
1967 12 27
1967 12 28
1967 12 29
1967 12 30
1967 12 31
1968 1 1
1968 1 2
1968 1 3
1968 1 4
1968 1 5
1968 1 6
1968 1 7
1968 1 8
1968 1 9
1968 1 10
1968 1 11
1968 1 12
1968 1 13
1968 1 14
1968 1 15
1968 1 16
1968 1 17
1968 1 18
1968 1 19
1968 1 20
1968 1 21
1968 1 22
1968 1 23
1968 1 24
1968 1 25
1968 1 26
1968 1 27
1968 1 28
1968 1 29
1968 1 30
1968 1 31
1968 2 1
1968 2 2
1968 2 3
1968 2 4
1968 2 5
1968 2 6
1968 2 7
1968 2 8
1968 2 9
1968 2 10
1968 2 11
1968 2 12
1968 2 13
1968 2 14
1968 2 15
1968 2 16
1968 2 17
1968 2 18
1968 2 19
1968 2 20
1968 2 21
1968 2 22
1968 2 23
1968 2 24
1968 2 25
1968 2 26
1968 2 27
1968 2 28
1968 2 29
1968 3 1
1968 3 2
1968 3 3
1968 3 4
1968 3 5
1968 3 6
1968 3 7
1968 3 8
1968 3 9
1968 3 10
1968 3 11
1968 3 12
1968 3 13
1968 3 14
1968 3 15
1968 3 16
1968 3 17
1968 3 18
1968 3 19
1968 3 20
1968 3 21
1968 3 22
1968 3 23
1968 3 24
1968 3 25
1968 3 26
1968 3 27
1968 3 28
1968 3 29
1968 3 30
1968 3 31
1968 4 1
1968 4 2
1968 4 3
1968 4 4
1968 4 5
1968 4 6
1968 4 7
1968 4 8
1968 4 9
1968 4 10
1968 4 11
1968 4 12
1968 4 13
1968 4 14
1968 4 15
1968 4 16
1968 4 17
1968 4 18
1968 4 19
1968 4 20
1968 4 21
1968 4 22
1968 4 23
1968 4 24
1968 4 25
1968 4 26
1968 4 27
1968 4 28
1968 4 29
1968 4 30
1968 5 1
1968 5 2
1968 5 3
1968 5 4
1968 5 5
1968 5 6
1968 5 7
1968 5 8
1968 5 9
1968 5 10
1968 5 11
1968 5 12
1968 5 13
1968 5 14
1968 5 15
1968 5 16
1968 5 17
1968 5 18
1968 5 19
1968 5 20
1968 5 21
1968 5 22
1968 5 23
1968 5 24
1968 5 25
1968 5 26
1968 5 27
1968 5 28
1968 5 29
1968 5 30
1968 5 31
1968 6 1
1968 6 2
1968 6 3
1968 6 4
1968 6 5
1968 6 6
1968 6 7
1968 6 8
1968 6 9
1968 6 10
1968 6 11
1968 6 12
1968 6 13
1968 6 14
1968 6 15
1968 6 16
1968 6 17
1968 6 18
1968 6 19
1968 6 20
1968 6 21
1968 6 22
1968 6 23
1968 6 24
1968 6 25
1968 6 26
1968 6 27
1968 6 28
1968 6 29
1968 6 30
1968 7 1
1968 7 2
1968 7 3
1968 7 4
1968 7 5
1968 7 6
1968 7 7
1968 7 8
1968 7 9
1968 7 10
1968 7 11
1968 7 12
1968 7 13
1968 7 14
1968 7 15
1968 7 16
1968 7 17
1968 7 18
1968 7 19
1968 7 20
1968 7 21
1968 7 22
1968 7 23
1968 7 24
1968 7 25
1968 7 26
1968 7 27
1968 7 28
1968 7 29
1968 7 30
1968 7 31
1968 8 1
1968 8 2
1968 8 3
1968 8 4
1968 8 5
1968 8 6
1968 8 7
1968 8 8
1968 8 9
1968 8 10
1968 8 11
1968 8 12
1968 8 13
1968 8 14
1968 8 15
1968 8 16
1968 8 17
1968 8 18
1968 8 19
1968 8 20
1968 8 21
1968 8 22
1968 8 23
1968 8 24
1968 8 25
1968 8 26
1968 8 27
1968 8 28
1968 8 29
1968 8 30
1968 8 31
1968 9 1
1968 9 2
1968 9 3
1968 9 4
1968 9 5
1968 9 6
1968 9 7
1968 9 8
1968 9 9
1968 9 10
1968 9 11
1968 9 12
1968 9 13
1968 9 14
1968 9 15
1968 9 16
1968 9 17
1968 9 18
1968 9 19
1968 9 20
1968 9 21
1968 9 22
1968 9 23
1968 9 24
1968 9 25
1968 9 26
1968 9 27
1968 9 28
1968 9 29
1968 9 30
1968 10 1
1968 10 2
1968 10 3
1968 10 4
1968 10 5
1968 10 6
1968 10 7
1968 10 8
1968 10 9
1968 10 10
1968 10 11
1968 10 12
1968 10 13
1968 10 14
1968 10 15
1968 10 16
1968 10 17
1968 10 18
1968 10 19
1968 10 20
1968 10 21
1968 10 22
1968 10 23
1968 10 24
1968 10 25
1968 10 26
1968 10 27
1968 10 28
1968 10 29
1968 10 30
1968 10 31
1968 11 1
1968 11 2
1968 11 3
1968 11 4
1968 11 5
1968 11 6
1968 11 7
1968 11 8
1968 11 9
1968 11 10
1968 11 11
1968 11 12
1968 11 13
1968 11 14
1968 11 15
1968 11 16
1968 11 17
1968 11 18
1968 11 19
1968 11 20
1968 11 21
1968 11 22
1968 11 23
1968 11 24
1968 11 25
1968 11 26
1968 11 27
1968 11 28
1968 11 29
1968 11 30
1968 12 1
1968 12 2
1968 12 3
1968 12 4
1968 12 5
1968 12 6
1968 12 7
1968 12 8
1968 12 9
1968 12 10
1968 12 11
1968 12 12
1968 12 13
1968 12 14
1968 12 15
1968 12 16
1968 12 17
1968 12 18
1968 12 19
1968 12 20
1968 12 21
1968 12 22
1968 12 23
1968 12 24
1968 12 25
1968 12 26
1968 12 27
1968 12 28
1968 12 29
1968 12 30
1968 12 31
1969 1 1
1969 1 2
1969 1 3
1969 1 4
1969 1 5
1969 1 6
1969 1 7
1969 1 8
1969 1 9
1969 1 10
1969 1 11
1969 1 12
1969 1 13
1969 1 14
1969 1 15
1969 1 16
1969 1 17
1969 1 18
1969 1 19
1969 1 20
1969 1 21
1969 1 22
1969 1 23
1969 1 24
1969 1 25
1969 1 26
1969 1 27
1969 1 28
1969 1 29
1969 1 30
1969 1 31
1969 2 1
1969 2 2
1969 2 3
1969 2 4
1969 2 5
1969 2 6
1969 2 7
1969 2 8
1969 2 9
1969 2 10
1969 2 11
1969 2 12
1969 2 13
1969 2 14
1969 2 15
1969 2 16
1969 2 17
1969 2 18
1969 2 19
1969 2 20
1969 2 21
1969 2 22
1969 2 23
1969 2 24
1969 2 25
1969 2 26
1969 2 27
1969 2 28
1969 3 1
1969 3 2
1969 3 3
1969 3 4
1969 3 5
1969 3 6
1969 3 7
1969 3 8
1969 3 9
1969 3 10
1969 3 11
1969 3 12
1969 3 13
1969 3 14
1969 3 15
1969 3 16
1969 3 17
1969 3 18
1969 3 19
1969 3 20
1969 3 21
1969 3 22
1969 3 23
1969 3 24
1969 3 25
1969 3 26
1969 3 27
1969 3 28
1969 3 29
1969 3 30
1969 3 31
1969 4 1
1969 4 2
1969 4 3
1969 4 4
1969 4 5
1969 4 6
1969 4 7
1969 4 8
1969 4 9
1969 4 10
1969 4 11
1969 4 12
1969 4 13
1969 4 14
1969 4 15
1969 4 16
1969 4 17
1969 4 18
1969 4 19
1969 4 20
1969 4 21
1969 4 22
1969 4 23
1969 4 24
1969 4 25
1969 4 26
1969 4 27
1969 4 28
1969 4 29
1969 4 30
1969 5 1
1969 5 2
1969 5 3
1969 5 4
1969 5 5
1969 5 6
1969 5 7
1969 5 8
1969 5 9
1969 5 10
1969 5 11
1969 5 12
1969 5 13
1969 5 14
1969 5 15
1969 5 16
1969 5 17
1969 5 18
1969 5 19
1969 5 20
1969 5 21
1969 5 22
1969 5 23
1969 5 24
1969 5 25
1969 5 26
1969 5 27
1969 5 28
1969 5 29
1969 5 30
1969 5 31
1973 2 12
1973 2 13
1974 6 5
1975 1 20
1975 9 7
1976 8 22
1976 8 23
1976 8 24
1976 8 25
1976 8 26
1976 8 27
1976 8 28
1976 8 29
1976 8 30
1976 8 31
1977 4 11
1977 4 12
1980 2 11
1981 11 1
1981 11 2
1981 11 3
1981 11 4
1981 11 5
1981 11 6
1981 11 7
1981 11 8
1981 11 9
1981 11 10
1981 11 11
1981 11 12
1981 11 13
1981 11 14
1981 11 15
1981 11 16
1981 11 17
1981 11 18
1981 11 19
1981 11 20
1981 11 21
1981 11 22
1981 11 23
1981 11 24
1981 11 25
1981 11 26
1981 11 27
1981 11 28
1981 11 29
1981 11 30
1981 12 1
1981 12 2
1981 12 3
1981 12 4
1982 6 30
1987 6 7
1987 6 8
1987 6 9
1987 6 10
1988 7 23
1988 7 24
1988 7 25
1988 7 26
1993 2 18
1993 2 24
1993 4 14
1993 5 11
1993 5 12
1993 6 16
1993 6 17
1993 8 7
1993 8 16
1993 8 20
1993 8 24
1993 11 29
1993 11 30
1994 1 3
1994 4 5
1994 4 22
1994 7 4
1994 7 26
1994 8 13
1994 8 14
1994 8 24
1996 4 25
1996 5 9
1996 8 8
1997 1 1
1997 7 28
1997 9 11
1997 12 3
1998 1 7
1998 3 29
1998 3 30
1998 5 3
1998 5 22
1998 5 23
1998 6 19
1999 3 19
1999 11 30
1999 12 24
2000 1 15
2000 2 3
2000 6 26
2001 1 5
2001 2 23
2002 3 17
2002 3 18
2005 1 1
2005 1 9
2005 1 26
2005 2 23
2005 6 30
2005 12 8
2005 12 9
2005 12 10
2005 12 15
2005 12 16
2005 12 17
2005 12 22
2006 4 11
2006 4 27
2006 5 16
2006 5 17
2006 5 18
2006 5 19
2006 5 20
2007 2 23
2007 2 24
2007 2 27
2007 2 28
2007 3 1
2007 4 30
2007 6 1
2007 6 17
2007 6 26
2008 2 2
2008 2 3
2008 2 5
2008 2 6
2008 2 7
2008 2 8
2008 2 9
2008 2 14
2008 2 18
2008 2 24
2008 3 2
2008 3 6
2008 3 7
2008 3 11
2008 3 18
2008 3 22
2008 3 23
2008 3 24
2008 3 25
2008 3 26
2008 3 28
2008 3 30
2008 4 3
2008 4 4
2008 4 5
2008 4 21
2008 4 22
2008 7 4
2008 12 7
2008 12 8
2010 4 18
2010 4 22
2010 4 23
2010 4 24
2010 4 25
2010 4 26
2010 4 27
2010 6 17
2010 6 18
2010 8 20
2010 12 14
2010 12 16
2011 1 26
2011 7 22
2011 9 21
2011 11 28
2012 5 25
2012 6 2
2012 6 19
2012 6 21
2012 6 22
