1967 10 2
1967 10 3
1977 2 4
1985 3 6
1987 6 14
1988 8 3
1989 3 17
1989 3 18
1989 3 19
1989 3 20
1989 3 21
1989 3 22
1989 3 23
1989 3 24
1989 3 25
1989 3 26
1989 3 27
1989 3 28
1989 3 29
1989 3 30
1989 3 31
1992 9 19
1992 11 26
1992 12 6
1992 12 14
1993 1 22
1993 3 1
1993 3 2
1993 3 3
1993 3 4
1993 3 5
1993 3 17
1993 3 18
1993 4 2
1993 4 3
1993 4 5
1993 4 16
1993 4 21
1993 4 22
1993 4 24
1993 4 25
1993 4 26
1993 4 29
1993 5 15
1993 5 16
1993 5 17
1993 5 18
1993 5 19
1993 5 20
1993 5 21
1993 5 22
1993 5 23
1993 5 24
1993 6 1
1993 6 2
1993 6 3
1993 6 4
1993 6 5
1993 6 16
1993 6 17
1993 6 18
1993 6 19
1993 6 20
1993 6 21
1993 6 22
1993 6 23
1993 6 24
1993 6 25
1993 6 26
1993 6 27
1993 6 28
1993 6 29
1993 6 30
1993 7 1
1993 7 2
1993 7 3
1993 7 4
1993 7 5
1993 7 6
1993 7 7
1993 9 16
1993 9 17
1993 10 22
1993 11 14
1993 11 15
1993 11 16
1993 11 17
1993 11 18
1993 11 19
1993 11 25
1993 12 7
1994 2 5
1994 3 5
1994 4 1
1994 4 14
1994 5 8
1994 10 8
1994 10 9
1994 10 10
1995 3 4
1995 4 19
1995 5 28
1995 9 27
1995 9 28
1995 9 29
1995 9 30
1995 10 1
1995 10 2
1995 10 3
1995 10 4
1995 10 5
1995 10 6
1995 10 7
1995 10 8
1995 10 9
1995 10 10
1995 10 11
1995 10 12
1995 10 13
1995 10 14
1995 10 15
1996 1 14
1997 3 23
1997 4 12
1997 4 15
1997 6 11
1998 2 13
1998 6 28
1998 8 13
1999 1 12
2000 1 24
2000 8 19
2000 8 20
2000 10 2
2002 3 16
2002 4 27
2002 4 30
2002 6 28
2002 6 29
2002 7 9
2004 5 25
2004 5 26
2004 5 27
2004 5 28
2004 5 29
2004 5 30
2004 5 31
2004 6 3
2004 6 4
2004 6 5
2004 6 7
2004 6 8
2004 7 5
2010 11 4
2011 11 30
2011 12 1
2011 12 2
2011 12 3
2011 12 4
2011 12 5
2011 12 6
2011 12 7
2011 12 8
2011 12 9
2011 12 10
2011 12 11
2011 12 12
2011 12 13
2011 12 14
