1968 8 17
1968 8 18
1968 8 19
1968 8 20
1968 8 21
1968 8 22
1968 8 23
1968 8 24
1968 8 25
1968 8 26
1968 8 27
1968 8 28
1968 8 29
1968 8 30
1968 8 31
1968 9 1
1968 9 2
1968 9 3
1968 9 4
1968 9 5
1968 9 6
1968 9 7
1968 9 8
1968 9 9
1968 9 10
1968 9 11
1968 9 12
1968 9 13
1968 9 14
1968 9 15
1968 9 16
1968 9 17
1968 9 18
1968 9 19
1968 9 20
1968 9 21
1968 9 22
1968 9 23
1968 9 24
1968 9 25
1968 9 26
1968 9 27
1968 9 28
1968 9 29
1968 9 30
1992 6 25
1992 6 29
1992 7 18
1992 7 30
1994 6 4
1995 9 2
1995 10 11
1995 12 11
1995 12 23
1996 4 16
1997 12 12
1999 3 16
2000 3 6
2000 7 19
2001 3 14
2004 5 27
